193
130
47
39
22
70
23
17
72
45
150
176
5
154
51
92
148
197
141
35
173
73
184
58
79
113
162
65
36
12
119
50
159
122
113
166
45
26
138
31
0
124
138
88
103
80
183
174
189
138
171
59
56
126
126
176
154
0
32
197
109
166
168
158
104
151
5
169
165
186
96
126
58
66
47
151
185
148
162
37
35
148
55
31
129
96
199
48
160
85
45
6
126
152
103
85
128
8
24
57
126
52
157
127
9
55
87
94
78
108
37
69
144
166
166
167
198
180
82
51
101
123
105
19
166
123
144
48
75
194
27
171
129
85
102
53
45
143
82
102
9
21
109
156
56
184
5
61
159
102
150
4
9
83
144
182
95
78
125
93
105
184
184
9
71
149
195
62
55
60
140
98
122
26
31
57
156
43
103
143
159
74
105
61
113
52
141
51
3
189
198
116
170
71
29
143
51
163
96
94
176
6
174
62
113
44
58
132
32
128
89
34
11
195
161
35
36
26
150
14
27
171
37
162
186
8
49
26
125
140
117
137
101
108
24
186
1
99
194
107
32
180
52
172
54
119
22
51
163
58
197
21
115
130
36
133
103
37
172
164
183
114
35
143
148
124
73
159
88
113
200
13
160
167
192
200
41
41
118
197
121
72
161
187
113
67
159
200
174
126
93
192
19
98
146
141
68
80
37
57
